aspect: 2.6427407334522464
volume: 633.7993467060759
nfp: 1
mpol: 12
ntor: 0
