 ====================== PARALLEL TIMINGS ====================
               total  :        0.163221
                rank  :               0
mgrid file read time  :        0.000000
        No. of procs  :               1

      --- non-vacuum  :             489             31              1       0.146639

             runvmec  :        0.162662

         init radial  :        0.000000
             eqsolve  :        0.147579
             fileout  :        0.013648

              evolve  :        0.146733
             funct3d  :        0.146639
            nfunct3d  :             489

             totzsps  :        0.014939
             totzspa  :        0.000000
              symrzl  :        0.000000
            jacobian  :        0.006085
              bcovar  :        0.023756
              vacuum  :        0.000000

            - precal  :        0.000000
           - surface  :        0.000000

           - bextern  :        0.000000

           -- becoil  :        0.000000
           -- tolicu  :        0.000000
           -- belicu  :        0.000000

           - scalpot  :        0.000000

           -- analyt  :        0.000000
           -- greenf  :        0.000000
            -- fourp  :        0.000000
            -- fouri  :        0.000000

            - solver  :        0.000000

               alias  :        0.000798
              forces  :        0.031484
           symforces  :        0.000000
             tomnsps  :        0.008153
             tomnspa  :        0.000000
             residue  :        0.058598
          -- tridslv  :        0.056293

 ============================================================

           allgather  :        0.000000
           allreduce  :        0.000200
           broadcast  :        0.000026
           sendrecv   :        0.000443

     Fill_blocks      :        0.000000
     Compute blocks   :        0.000000
     Forward solve    :        0.000000
     Backward solve   :        0.000000
 ============================================================
