&INDATA
  LASYM = .FALSE.
  NFP = 2
  MPOL = 5
  NTOR = 5
  NTHETA = 0
  NZETA = 0
  NS_ARRAY = 35
  FTOL_ARRAY = 1.00000000000000003E-13
  NITER_ARRAY = 1500
  DELT = 9.00000000000000022E-01
  TCON0 = 2.00000000000000000E+00
  APHI = 1.00000000000000000E+00, 0.00000000000000000E+00, 0.00000000000000000E+00, 0.00000000000000000E+00, 0.00000000000000000E+00, 0.00000000000000000E+00, 0.00000000000000000E+00, 0.00000000000000000E+00, 0.00000000000000000E+00, 0.00000000000000000E+00, 0.00000000000000000E+00, 0.00000000000000000E+00, 0.00000000000000000E+00, 0.00000000000000000E+00, 0.00000000000000000E+00, 0.00000000000000000E+00, 0.00000000000000000E+00, 0.00000000000000000E+00, 0.00000000000000000E+00, 0.00000000000000000E+00
  PHIEDGE = 8.30000000000000043E-02
  NSTEP = 200
  GAMMA = 0.00000000000000000E+00
  SPRES_PED = 1.00000000000000000E+00
  PRES_SCALE = 1.00000000000000000E+00
  PMASS_TYPE = 'power_series'
  AM = 0.00000000000000000E+00, 0.00000000000000000E+00, 0.00000000000000000E+00, 0.00000000000000000E+00, 0.00000000000000000E+00, 0.00000000000000000E+00, 0.00000000000000000E+00, 0.00000000000000000E+00, 0.00000000000000000E+00, 0.00000000000000000E+00, 0.00000000000000000E+00, 0.00000000000000000E+00, 0.00000000000000000E+00, 0.00000000000000000E+00, 0.00000000000000000E+00, 0.00000000000000000E+00, 0.00000000000000000E+00, 0.00000000000000000E+00, 0.00000000000000000E+00, 0.00000000000000000E+00, 0.00000000000000000E+00
  NCURR = 1
  CURTOR = 0.00000000000000000E+00
  PCURR_TYPE = 'power_series'
  AC = 0.00000000000000000E+00, 0.00000000000000000E+00, 0.00000000000000000E+00, 0.00000000000000000E+00, 0.00000000000000000E+00, 0.00000000000000000E+00, 0.00000000000000000E+00, 0.00000000000000000E+00, 0.00000000000000000E+00, 0.00000000000000000E+00, 0.00000000000000000E+00, 0.00000000000000000E+00, 0.00000000000000000E+00, 0.00000000000000000E+00, 0.00000000000000000E+00, 0.00000000000000000E+00, 0.00000000000000000E+00, 0.00000000000000000E+00, 0.00000000000000000E+00, 0.00000000000000000E+00, 0.00000000000000000E+00
  PIOTA_TYPE = 'power_series'
  AI = 0.00000000000000000E+00, 0.00000000000000000E+00, 0.00000000000000000E+00, 0.00000000000000000E+00, 0.00000000000000000E+00, 0.00000000000000000E+00, 0.00000000000000000E+00, 0.00000000000000000E+00, 0.00000000000000000E+00, 0.00000000000000000E+00, 0.00000000000000000E+00, 0.00000000000000000E+00, 0.00000000000000000E+00, 0.00000000000000000E+00, 0.00000000000000000E+00, 0.00000000000000000E+00, 0.00000000000000000E+00, 0.00000000000000000E+00, 0.00000000000000000E+00, 0.00000000000000000E+00, 0.00000000000000000E+00
  BLOAT = 1.00000000000000000E+00
  LFREEB = .FALSE.
  MGRID_FILE = 'NONE'
  NVACSKIP = 6
  MFILTER_FBDY = -1
  NFILTER_FBDY = -1
  PRECON_TYPE = 'none'
  PREC2D_THRESHOLD = 9.99999999999999975E-20
  RAXIS_CC = 0.00000000000000000E+00, 0.00000000000000000E+00, 0.00000000000000000E+00, 0.00000000000000000E+00, 0.00000000000000000E+00, 0.00000000000000000E+00
  ZAXIS_CS = 0.00000000000000000E+00, 0.00000000000000000E+00, 0.00000000000000000E+00, 0.00000000000000000E+00, 0.00000000000000000E+00, 0.00000000000000000E+00
  RBC(-1,1) = 8.05248049458348047E-02
  RBC(0,0) = 1.00000000000000000E+00
  RBC(0,1) = 8.63062120099614971E-02
  RBC(1,0) = 1.68092078611690648E-01
  RBC(1,1) = -1.15625607380075587E-01
  ZBS(-1,1) = 3.45050855346511337E-02
  ZBS(0,1) = 3.61245618632965393E-01
  ZBS(1,0) = -1.39807331848896432E-01
  ZBS(1,1) = 6.12273720945097147E-02
/
